Shape: Book
Area: 25
Perimeter: 20
Shape: Ring
Area: 28.27433388230811
Length: 18.84955592153874
Shape: CD
Area: 78.53981633974475
Length: 31.41592653589790
